image: /home/jeff/clean_robot_119/cleaning_robot/maps/map_20241121_164031.pgm
resolution: 0.050000
origin: [-10.000000, -10.000000, 0.000000]
negate: 0
occupied_thresh: 0.65
free_thresh: 0.196

